225494.9632
-464.7531
-158.6280
33592.4858
-30.8121
0.0000
1518.5098
1912.6213
-1435.1780
-18.7519
UNBOUNDED
-896644.8219
UNBOUNDED
-25.2647
VIOLATED
VIOLATED
0.0000
190.5400
VIOLATED
0.0000
0.0000
270961.7552
0.0000
VIOLATED
VIOLATED
VIOLATED
174903256.0000
UNBOUNDED
0.0000
50.0000
86.0000
148.0000
UNBOUNDED
-52.2020
-52.2020
-64.5750
-70.0000
-14753433.0600
-2331389.8240
18416.7590
1878.1248
8.6666
1412.2500
-76589.3185
-415.7322
-41131.9762
11120.6821